MEMORY
  total           13641 KB
  struct            158 KB
  buffer            171 KB
  arena           13312 KB, used 0.0%

SIZES
  narena                13631488
  nbuffer               175040
  nplugin               0
  maxuse_stack          2372
  maxuse_arena          4604
  maxuse_con            0
  maxuse_efc            7
  ncon                  0
  ne                    1
  nf                    6
  nl                    0
  nefc                  7
  nJ                    42
  nY                    0
  nA                    0
  nisland               1
  nidof                 6
  ntree_awake           1
  nbody_awake           8
  nparent_awake         7
  nv_awake              6
  flg_energypos         0
  flg_energyvel         0
  flg_subtreevel        0
  flg_rnepost           0
  threadpool            0

TIMER
    0:  duration =  1.9e+03    number = 34312
    1:  duration =  2.2e+03    number = 46131
    2:  duration =  0          number = 0
    3:  duration =  1.4e+03    number = 46131
    4:  duration =  1.9e+02    number = 46131
    5:  duration =  68         number = 46131
    6:  duration =  4e+02      number = 46131
    7:  duration =  39         number = 34312
    8:  duration =  3.1e+02    number = 46131
    9:  duration =  89         number = 46131
    10:  duration =  6.2e+02    number = 46131
    11:  duration =  3.7e+02    number = 46131
    12:  duration =  6.1        number = 46131
    13:  duration =  2.3e+02    number = 46131
    14:  duration =  1.3e+02    number = 46131

SOLVER STAT
  solver_fwdinv =   0         0       
  ISLAND 0
    solver_niter = 1
    solver_nnz = 36
      0:  improvement =  1.4e-19     gradient =  4.7e-20     lineslope =  0       
          nactive = 7   nchange = 0   neval = 2   nupdate = 0

ENERGY =   0         0       

TIME =  69      

QPOS
  -0.46    
   0.14    
  -0.092   
  -0.13    
   2.1e-09 
   2.1e-09 

QVEL
  -4.6e-07 
   7e-07   
  -3.9e-07 
  -2.7e-07 
  -5.3e-10 
  -5.4e-10 

QACC_WARMSTART
   2.1e-07 
  -3.1e-07 
   1.9e-07 
   1.4e-07 
   1.3e-10 
   1.4e-10 

CTRL
  -0.46    
   0.13    
  -0.1     
  -0.13    
   0       

QFRC_APPLIED
   0       
   0       
   0       
   0       
   0       
   0       

XFRC_APPLIED
   0         0         0         0         0         0       
   0         0         0         0         0         0       
   0         0         0         0         0         0       
   0         0         0         0         0         0       
   0         0         0         0         0         0       
   0         0         0         0         0         0       
   0         0         0         0         0         0       
   0         0         0         0         0         0       

EQ_ACTIVE             1

QACC
   2.1e-07 
  -3.1e-07 
   1.9e-07 
   1.4e-07 
   1.3e-10 
   1.4e-10 

TREE_ASLEEP
  -11

XPOS
   0         0         0       
   0         0         0       
   0.012     0         0.017   
   0.012     0         0.076   
   0.049    -0.018     0.2     
   0.16     -0.073     0.19    
   0.24     -0.09      0.2     
   0.22     -0.13      0.2     

XQUAT
   1         0         0         0       
   1         0         0         0       
   0.97      0         0        -0.23    
   0.97      0.016     0.069    -0.23    
   0.97      0.0056    0.024    -0.23    
   0.97     -0.0093   -0.04     -0.23    
   0.97     -0.0093   -0.04     -0.23    
   0.97     -0.0093   -0.04     -0.23    

XMAT
   1         0         0         0         1         0         0         0         1       
   1         0         0         0         1         0         0         0         1       
   0.9       0.44      0        -0.44      0.9      -0        -0         0         1       
   0.89      0.44      0.13     -0.44      0.9      -0.062    -0.14     -3.5e-18   0.99    
   0.9       0.44      0.044    -0.44      0.9      -0.022    -0.049    -6.9e-18   1       
   0.89      0.44     -0.073    -0.44      0.9       0.036     0.081    -1e-17     1       
   0.89      0.44     -0.073    -0.44      0.9       0.036     0.081    -1e-17     1       
   0.89      0.44     -0.073    -0.44      0.9       0.036     0.081    -1e-17     1       

XIPOS
   0         0         0       
   0.00016  -1.7e-09   0.018   
   0.012     0.00062   0.064   
   0.034    -0.011     0.18    
   0.13     -0.058     0.2     
   0.2      -0.092     0.21    
   0.24     -0.09      0.2     
   0.22     -0.13      0.2     

XIMAT
   1         0         0         0         1         0         0         0         1       
   0        -0.043     1         1         0         0         0         1         0.043   
   0.89      0.45      0.021    -0.45      0.89     -0.013    -0.024     0.0018    1       
   0.46     -0.85      0.25      0.89      0.44     -0.12     -0.01      0.28      0.96    
   0.043    -0.44      0.9      -0.02     -0.9      -0.44      1         0.0011   -0.048   
  -0.15     -0.88     -0.44      0.072     0.44     -0.9       0.99     -0.16     -8.3e-17 
   0.89      0.44     -0.073    -0.44      0.9       0.036     0.081    -1e-17     1       
   0.89      0.44     -0.073    -0.44      0.9       0.036     0.081    -1e-17     1       

XANCHOR
   0.012     0         0.017   
   0.012     0         0.076   
   0.049    -0.018     0.2     
   0.16     -0.073     0.19    
   0.24     -0.09      0.2     
   0.22     -0.13      0.2     

XAXIS
   0         0         1       
   0.44      0.9       0       
   0.44      0.9      -3.5e-18 
   0.44      0.9      -6.9e-18 
   0.44      0.9      -1e-17   
  -0.44     -0.9       1e-17   

GEOM_XPOS
   0         0         0       
   0.00016  -1.7e-09   0.018   
   0.00016  -1.7e-09   0.018   
   0.011     0.00029   0.068   
   0.011     0.00029   0.068   
   0.031    -0.0095    0.16    
   0.031    -0.0095    0.16    
   0.11     -0.05      0.2     
   0.11     -0.05      0.2     
   0.2      -0.09      0.2     
   0.2      -0.09      0.2     
   0.26     -0.086     0.2     
   0.26     -0.086     0.2     
   0.23     -0.14      0.2     
   0.23     -0.14      0.2     

GEOM_XMAT
   1         0         0         0         1         0         0         0         1       
   0        -0.043     1         1         0         0         0         1         0.043   
   0        -0.043     1         1         0         0         0         1         0.043   
   0.44     -0.9       0.055     0.9       0.44     -0.03      0.0029    0.063     1       
   0.44     -0.9       0.055     0.9       0.44     -0.03      0.0029    0.063     1       
   0.86      0.44      0.26     -0.42      0.9      -0.13     -0.29      0.0017    0.96    
   0.86      0.44      0.26     -0.42      0.9      -0.13     -0.29      0.0017    0.96    
   0.041    -0.45      0.89     -0.021    -0.9      -0.44      1        -0.00046  -0.046   
   0.041    -0.45      0.89     -0.021    -0.9      -0.44      1        -0.00046  -0.046   
  -0.16     -0.45      0.88      0.078    -0.89     -0.44      0.98     -0.00069   0.18    
  -0.16     -0.45      0.88      0.078    -0.89     -0.44      0.98     -0.00069   0.18    
   0.59     -0.073     0.81      0.81      0.036    -0.58      0.014     1         0.08    
   0.59     -0.073     0.81      0.81      0.036    -0.58      0.014     1         0.08    
   0.29     -0.073     0.96      0.96      0.036    -0.29     -0.013     1         0.08    
   0.29     -0.073     0.96      0.96      0.036    -0.29     -0.013     1         0.08    

LIGHT_XPOS
   0         0         1.5     

LIGHT_XDIR
   0         0        -1       

SUBTREE_COM
   0.093    -0.04      0.15    
   0.093    -0.04      0.15    
   0.1      -0.044     0.17    
   0.12     -0.054     0.19    
   0.17     -0.076     0.2     
   0.2      -0.093     0.21    
   0.24     -0.09      0.2     
   0.22     -0.13      0.2     

CDOF
   0         0         1         0.04      0.081    -0       
   0.44      0.9       0         0.07     -0.035    -0.09    
   0.44      0.9      -3.5e-18  -0.041     0.02     -0.048   
   0.44      0.9      -6.9e-18  -0.035     0.017     0.076   
   0         0         0         0.44      0.9      -1e-17   
   0         0         0        -0.44     -0.9       1e-17   

CINERT
   0         0         0         0         0         0         0         0         0         0       
   0.001     0.0014    0.00053   0.00019  -0.00064   0.00028  -0.0047    0.002    -0.007     0.051   
   0.001     0.0015    0.00082   0.00032  -0.00072   0.00036  -0.0079    0.004    -0.0089    0.098   
   0.0005    0.00087   0.00067   0.00025   0.0001   -5.4e-05  -0.0081    0.0041    0.0029    0.14    
   0.00034   0.00062   0.00049   0.00018  -0.0002    9.5e-05   0.0051   -0.0024    0.0054    0.13    
   0.00086   0.0021    0.0021    0.0008   -0.00079   0.00039   0.015    -0.0075    0.0074    0.14    
   5.7e-06   2.6e-05   2.6e-05   7.6e-06  -6.9e-06   2.3e-06   0.00015  -5.1e-05   4.6e-05   0.001   
   1.1e-05   2e-05     2.6e-05   1.2e-05  -6e-06     4e-06     0.00013  -8.8e-05   4.6e-05   0.001   

ACTUATOR_LENGTH
  -0.46    
   0.14    
  -0.092   
  -0.13    
   2.1e-09 

actuator_moment
--------
 x      |
  x     |
   x    |
    x   |
     x  |
--------

ACTUATOR_MOMENT
     0:  1       
     1:  1       
     2:  1       
     3:  1       
     4:  1       

CRB
   0         0         0         0         0         0         0         0         0         0       
   0.0038    0.0065    0.0047    0.0018   -0.0023    0.0011    8.7e-18  -4.3e-18  -6.1e-18   0.57    
   0.0027    0.0051    0.0042    0.0016   -0.0016    0.0008    0.0047   -0.002     0.007     0.51    
   0.0017    0.0036    0.0033    0.0012   -0.0009    0.00044   0.013    -0.006     0.016     0.42    
   0.0012    0.0028    0.0027    0.001    -0.001     0.00049   0.021    -0.01      0.013     0.28    
   0.00087   0.0021    0.0022    0.00082  -0.0008    0.0004    0.016    -0.0077    0.0075    0.15    
   5.7e-06   2.6e-05   2.6e-05   7.6e-06  -6.9e-06   2.3e-06   0.00015  -5.1e-05   4.6e-05   0.001   
   1.1e-05   2e-05     2.6e-05   1.2e-05  -6e-06     4e-06     0.00013  -8.8e-05   4.6e-05   0.001   

QM
   0.11    
  -1.3e-05   0.12    
   2.9e-07   0.0071    0.11    
  -6.6e-10   0.0016    0.0012    0.1     
   0.00025   2e-20     0         3.4e-21   0.1     
  -0.00025  -2e-20     0        -3.4e-21             0.1     

M
     0:  0.11    
     0: -1.3e-05    1:  0.12    
     0:  2.9e-07    1:  0.0071     2:  0.11    
     0: -6.6e-10    1:  0.0016     2:  0.0012     3:  0.1     
     0:  0.00025    1:  2e-20      2:  0          3:  3.4e-21    4:  0.1     
     0: -0.00025    1: -2e-20      2:  0          3: -3.4e-21    5:  0.1     

QLD
     0:  0.11    
     0: -0.00011    1:  0.11    
     0:  2.8e-06    1:  0.067      2:  0.11    
     0: -6.6e-09    1:  0.016      2:  0.012      3:  0.1     
     0:  0.0024     1:  2e-19      2:  0          3:  3.4e-20    4:  0.1     
     0: -0.0024     1: -2e-19      2:  0          3: -3.4e-20    5:  0.1     

QLDIAGINV
   9.2     
   8.7     
   9.5     
   10      
   9.9     
   9.9     

M: inertia structure
--------
 x      |
 xx     |
 xxx    |
 xxxx   |
 xxxxx  |
 xxxx x |
--------

iM: block-diagonal inertia (nnzs are island ids)
--------
 0      |
 00     |
 000    |
 0000   |
 00000  |
 0000 0 |
--------

TREE_AWAKE
  1

BODY_AWAKE
  -1 -1 1 1 1 1 1 1

BODY_AWAKE_IND
  0 1 2 3 4 5 6 7

PARENT_AWAKE_IND
  1 2 3 4 5 6 7

DOF_AWAKE_IND
  0 1 2 3 4 5

EFC_TYPE
  0
  1
  1
  1
  1
  1
  1

EFC_ID
  0
  0
  1
  2
  3
  4
  5

EFC_J
   0         0         0         0         1        -1       
   1         0         0         0         0         0       
   0         1         0         0         0         0       
   0         0         1         0         0         0       
   0         0         0         1         0         0       
   0         0         0         0         1         0       
   0         0         0         0         0         1       

IEFC_J
   0         0         0         0         1        -1       
   1         0         0         0         0         0       
   0         1         0         0         0         0       
   0         0         1         0         0         0       
   0         0         0         1         0         0       
   0         0         0         0         1         0       
   0         0         0         0         0         1       

EFC_POS
  -4.6e-11 
   0       
   0       
   0       
   0       
   0       
   0       

EFC_MARGIN
   0       
   0       
   0       
   0       
   0       
   0       
   0       

EFC_FRICTIONLOSS
   0       
   0.1     
   0.1     
   0.1     
   0.1     
   0.1     
   0.1     

EFC_DIAGA
   20      
   9.3     
   8.8     
   9.5     
   10      
   9.9     
   9.9     

EFC_KBIP
   2.8e+03   1.1e+02   0.9      -9.2e-06 
   0         1.1e+02   0.9       0       
   0         1.1e+02   0.9       0       
   0         1.1e+02   0.9       0       
   0         1.1e+02   0.9       0       
   0         1.1e+02   0.9       0       
   0         1.1e+02   0.9       0       

EFC_D
   0.45    
   0.97    
   1       
   0.95    
   0.9     
   0.91    
   0.91    

EFC_R
   2.2     
   1       
   0.98    
   1.1     
   1.1     
   1.1     
   1.1     

ACTUATOR_VELOCITY
  -4.6e-07 
   7e-07   
  -3.9e-07 
  -2.7e-07 
  -5.3e-10 

CVEL
   0         0         0         0         0         0       
   0         0         0         0         0         0       
   0         0        -4.6e-07  -1.8e-08  -3.7e-08   0       
   3.1e-07   6.3e-07  -4.6e-07   3.1e-08  -6.1e-08  -6.3e-08 
   1.3e-07   2.7e-07  -4.6e-07   4.7e-08  -6.9e-08  -4.4e-08 
   1.4e-08   2.8e-08  -4.6e-07   5.6e-08  -7.4e-08  -6.5e-08 
   1.4e-08   2.8e-08  -4.6e-07   5.6e-08  -7.4e-08  -6.5e-08 
   1.4e-08   2.8e-08  -4.6e-07   5.7e-08  -7.3e-08  -6.5e-08 

CDOF_DOT
   0         0         0         0         0         0       
   4.1e-07  -2e-07     0        -1.6e-08  -3.2e-08  -8.8e-11 
   4.1e-07  -2e-07    -5.3e-23   3.5e-08   5.6e-09   8.6e-08 
   4.1e-07  -2e-07    -1.1e-22   6.8e-08  -1.4e-08   8.4e-08 
   0        -0         0         4.1e-07  -2e-07    -7.9e-23 
   0        -0         0        -4.1e-07   2e-07     7.9e-23 

QFRC_BIAS
  -4e-15   
  -0.5     
  -0.36    
  -0.063   
  -8.2e-17 
   7.3e-17 

QFRC_SPRING
   0       
   0       
   0       
   0       
   0       
   0       

QFRC_DAMPER
   0       
   0       
   0       
   0       
   0       
   0       

QFRC_GRAVCOMP
   0       
   0       
   0       
   0       
   0       
   0       

QFRC_FLUID
   0       
   0       
   0       
   0       
   0       
   0       

QFRC_PASSIVE
   0       
   0       
   0       
   0       
   0       
   0       

EFC_VEL
   1.2e-11 
  -4.6e-07 
   7e-07   
  -3.9e-07 
  -2.7e-07 
  -5.3e-10 
  -5.4e-10 

EFC_AREF
   1.1e-07 
   4.8e-05 
  -7.4e-05 
   4.2e-05 
   2.9e-05 
   5.5e-08 
   5.7e-08 

SUBTREE_LINVEL
   0         0         0       
   0         0         0       
   0         0         0       
   0         0         0       
   0         0         0       
   0         0         0       
   0         0         0       
   0         0         0       

SUBTREE_ANGMOM
   0         0         0       
   0         0         0       
   0         0         0       
   0         0         0       
   0         0         0       
   0         0         0       
   0         0         0       
   0         0         0       

ACTUATOR_FORCE
  -4.6e-05 
  -0.5     
  -0.36    
  -0.063   
  -1e-07   

QFRC_ACTUATOR
  -4.6e-05 
  -0.5     
  -0.36    
  -0.063   
  -1e-07   
   0       

QFRC_SMOOTH
  -4.6e-05 
   7.5e-05 
  -3.9e-05 
  -2.6e-05 
  -1e-07   
  -7.3e-17 

QACC_SMOOTH
  -0.00042 
   0.00068 
  -0.00041 
  -0.00026 
   2.9e-08 
  -1e-06   

EFC_B
   9.5e-07 
  -0.00047 
   0.00075 
  -0.00045 
  -0.00029 
  -2.6e-08 
  -1.1e-06 

EFC_FORCE
   5.1e-08 
   4.6e-05 
  -7.5e-05 
   3.9e-05 
   2.6e-05 
   5e-08   
   5.1e-08 

EFC_STATE
  1
  1
  1
  1
  1
  1
  1

QFRC_CONSTRAINT
   4.6e-05 
  -7.5e-05 
   3.9e-05 
   2.6e-05 
   1e-07   
  -3.9e-11 

QFRC_INVERSE
   0       
   0       
   0       
   0       
   0       
   0       

CACC
   0         0         0         0         0         0       
   0         0         0         0         0         0       
   0         0         0         0         0         0       
   0         0         0         0         0         0       
   0         0         0         0         0         0       
   0         0         0         0         0         0       
   0         0         0         0         0         0       
   0         0         0         0         0         0       

CFRC_INT
   0         0         0         0         0         0       
   0         0         0         0         0         0       
   0         0         0         0         0         0       
   0         0         0         0         0         0       
   0         0         0         0         0         0       
   0         0         0         0         0         0       
   0         0         0         0         0         0       
   0         0         0         0         0         0       

CFRC_EXT
   0         0         0         0         0         0       
   0         0         0         0         0         0       
   0         0         0         0         0         0       
   0         0         0         0         0         0       
   0         0         0         0         0         0       
   0         0         0         0         0         0       
   0         0         0         0         0         0       
   0         0         0         0         0         0       

TREE_ISLAND
  0

ISLAND_NTREE
  1

ISLAND_ITREEADR
  0

MAP_ITREE2TREE
  0

DOF_ISLAND            0 0 0 0 0 0

ISLAND_NV             6

ISLAND_IDOFADR        0

MAP_IDOF2DOF          0 1 2 3 4 5

EFC_ISLAND            0 0 0 0 0 0 0

ISLAND_NEFC           7

ISLAND_IEFCADR        0

MAP_IEFC2EFC          0 1 2 3 4 5 6

